-433.68164 -112.96144 68.44311
78.70852 -143.03197 -8.715511
-84.04409 -158.4275 -23.762434
-49.806576 -62.835995 -50.568874
24.926613 1.1766096 25.22443
143.05856 -89.93223 -88.95038
-128.69478 12.646793 -36.71417
38.566765 84.53867 -184.66096
130.70018 8.056735 -5.58302
16.425337 -36.163513 -139.49815
90.409424 -46.583008 115.71337
237.11684 36.449005 35.963318
-80.70396 64.93296 62.35019
56.625484 123.29876 -8.778542
-56.916924 233.66588 36.999287
-231.84839 -11.839987 22.781342
29.595827 -65.8766 -37.663177
-13.710571 15.559229 164.47842
-25.583332 115.50704 -133.53133
-90.66271 -38.337334 32.442574
